2527947
11791344
24577019
36001919
51822627
74493709
102279838
111719538
121405986
149822769
164785683
182031983
207824845
218536939
242100432
253976472
270212011
291481271
313460815
322729294
335769314
357147783
375251735
385530804
402439054
433492586
456720214
476138433
493678754
511271508
521257964
543888094
564022272
572472665
584355409
597576929
610352948
628347565
657986074
679965872
696964775
723371101
742848293
769706658
785648768
798472448
818392913
834408802
850092483
860945528
880965919
900242495
937904229
956257388
968503716
980346889
990052526
1000810244
1021515676
1044037877
1053491400
1059980553
1071750641
1080434211
1091514343
1111593401
1126323244
1137444326
1150669065
1166193151
1185398040
1204250044
1224125569
1247360483
1266954856
1282203475
1299392854
1312100992
1331508381
1346071502
1365213930
1385128067
1400825693
1411066117
1426015880
1442517611
1460655205
1485774974
1500394033
1522240202
1531323391
1544218211
1560283664
1577992634
1598084331
1604907440
1628506399
1651804318
1670003808
1677186078
1698741370
1714900559
1744209587
1772685646
1784174829
1809386608
1827037592
1843040388
1853315236
1865060141
1896972902
1915355132
1924080008
1942131171
1950419587
1968747490
1983689840
1999415674
2012408240
2030266242
2052219246
2065508615
2082420758
2105474781
2140755395
