2704029
15332070
28510988
44085303
58108362
80843786
105290679
112953244
130304827
156571513
174255558
198262943
211179053
224179274
244579335
262383157
276129185
298942269
315410585
326817610
347753166
362578649
383202827
398187590
409482909
438291633
469957904
484600815
503326514
517166803
528610972
549617199
568313661
575706284
589839122
599407018
615774306
634416294
659013034
688268542
711604144
728999114
755297758
774602861
791889696
806337752
822973715
841886376
854579663
867794122
885950114
909243086
942310325
961029644
975352435
984964294
992061465
1007517624
1025183762
1049545150
1055693804
1064247403
1076490134
1082170693
1096131152
1115020116
1126907374
1142883444
1154666303
1174521385
1196254750
1215990968
1236788773
1253351185
1277165709
1294574230
1303695271
1313390293
1341198743
1353116695
1374868963
1388681310
1407831961
1418267276
1430243606
1449925696
1472659776
1491995028
1508876976
1526021611
1535083658
1547600695
1568654086
1580749078
1601229445
1615534734
1637698033
1654741537
1672180003
1683864625
1709964036
1733405135
1759018133
1780309859
1793089070
1814443628
1831191680
1846265686
1859444424
1880953668
1906524593
1918986478
1935601319
1944981006
1958632470
1974766388
1990720536
2002258695
2020358158
2038884264
2058732850
2068334364
2086410268
2120704474
2141442848
