5521358
20666293
30998681
47794640
65259409
84320987
106245702
114669855
133824799
161145024
176712803
200695914
212349113
228346312
247027353
266064978
284050073
304305137
317969597
330231434
352662196
371187819
384457459
401397591
417771363
448061490
471831356
489401326
505579120
519017022
536028917
554654868
570705989
581901179
593050443
604356696
626468679
636116220
667210036
691749807
712613391
733494318
758365951
777697939
793285173
812761183
826238937
846242367
855679173
875053145
895237640
913476941
948329093
963190576
976872641
985497414
995256657
1009195572
1032955368
1051110846
1056870283
1067915326
1078413127
1086869697
1099530277
1115434211
1129172228
1146485122
1156066107
1180000097
1201125906
1220580584
1242432845
1258003293
1281300047
1296091252
1307779870
1320657722
1343495740
1355972192
1375660514
1393319672
1407882474
1424694151
1436518747
1451669670
1474438632
1496905748
1510648998
1527355832
1541558050
1550474352
1573663230
1590469588
1602300587
1620593108
1646936699
1665005360
1673687863
1688663938
1713333059
1735916238
1763835516
1782401621
1798821646
1820231052
1835672725
1849445313
1861318217
1884659231
1909538327
1923200841
1939529006
1946555584
1967155822
1979387390
1996616432
2006164934
2026637712
2041641243
2063505627
2070337862
2091317854
2129116347
2142117982
