2684125
11961457
26407067
43999691
56558750
78039233
105234131
112896507
129963012
156167617
166651423
195295841
208481455
224020109
244488030
258798443
272752417
297167139
314863912
326301111
344606943
360429910
379180580
394833418
409128422
437173943
465241085
482959909
495268821
514211692
525599854
545670799
565569323
574990569
588856189
597683262
614406023
632567788
658386570
686520500
710863628
726306807
747235075
773635011
789963080
806234758
821350546
838488738
854244753
866821801
882255791
908917723
941386634
960655227
975217775
981603125
991126097
1004031388
1023057527
1046035060
1054418618
1063370765
1076283350
1082166263
1094140670
1114308355
1126481514
1140057583
1154322938
1172065882
1189961213
1211021166
1235891984
1251184041
1274836878
1292096431
1301473796
1313269224
1340238959
1349950299
1369288684
1388632395
1405970485
1416395867
1427846289
1449506962
1464192060
1487697149
1507392138
1525387308
1532466200
1546945990
1564760745
1579911563
1599602802
1609498403
1631033643
1653885178
1671725465
1682008880
1708486063
1725193956
1748003280
1776677497
1790131202
1812850897
1830086930
1844686588
1857730104
1874616600
1900334171
1918325611
1934606441
1944037458
1955411943
1973698364
1989558819
2000658955
2012914649
2034380530
2053937780
2068079998
2085530814
2108876349
2141012495
