7923960
20772491
31863189
48301656
66449875
94043888
107640478
116292242
137224113
161552403
178973695
206928626
213629769
237455159
248168242
267865996
286469594
306982199
320999821
330744118
354162115
374447715
384759268
401421676
419175930
452699881
474595349
489668136
505757428
521081115
536809336
557579674
570996699
582731825
594899847
605758587
628006481
645823058
670903499
693225133
713755397
734592322
760010240
781571118
793715924
814042698
829921682
846647691
858010337
876299035
896920340
922854145
949601905
963207839
977902658
988078519
995893507
1013007047
1035271655
1052798484
1058938463
1068123878
1078506012
1088307232
1101289592
1117077517
1131912892
1146578822
1156635626
1182337222
1201520119
1223103005
1245544970
1260289665
1281539027
1296678227
1310116083
1323809478
1344530761
1356125848
1382941652
1395526966
1409347334
1425290674
1438044967
1452820545
1475372659
1497002581
1513979105
1527962693
1541752811
1553677118
1573911855
1591894075
1603699095
1624646389
1648391834
1665617441
1674571474
1690456494
1714255828
1736730354
1765696770
1782755185
1801696520
1820939474
1837982454
1849709954
1862660560
1888124174
1910277844
1923716506
1940251935
1948579491
1967383473
1980437913
1998008853
2007359464
2027455185
2047466907
2064075356
2074222084
2098451129
2131214686
2142534215
