1589371
9421863
22791941
33394953
51213129
71346262
96364528
110571895
119787912
140246070
164001958
179227834
207746303
215483609
237977933
252426730
268416285
290144135
311994045
321492174
333410233
354922960
374542663
385467461
401975774
424724662
456161391
475908397
490976042
508154806
521086887
537088443
558194199
572002130
584242389
596495269
606977258
628069553
649842139
674816306
693893402
715567454
740324123
762188861
783328546
798083752
816422345
830781509
848938037
858757268
880034204
898155825
924420094
952457682
963926912
979178680
989720844
999700394
1019996172
1035421940
1053303763
1059422864
1071625791
1078546661
1091462566
1109325984
1122651069
1132877687
1147580519
1165378227
1182647074
1202172593
1223841583
1246397513
1264489090
1281598473
1298193493
1311201402
1326745757
1344564815
1361621806
1384638924
1396501130
1409731870
1425470560
1438522547
1458935426
1485541304
1497197835
1518822010
1528579654
1543866758
1557373264
1577157385
1597477217
1603852875
1624931638
1651095768
1667856113
1675526772
1696252170
1714293803
1743029418
1770350864
1783239256
1806315263
1822952836
1841940961
1851325966
1864621736
1889801844
1911654606
1924001671
1941943788
1949985298
1968456369
1980993103
1999240025
2009364386
2028953090
2050162861
2065258008
2077299412
2099715200
2132570827
