3468142
20365933
29394016
46152523
63541042
82578275
106081126
114605881
130689514
157051273
174529659
198710176
211633960
227591570
245669593
263967034
280994253
304187692
316995331
329948488
349696718
367822176
384060394
400509605
411214301
443120366
470070161
489047414
503687205
517576207
534889110
550592187
569691051
579336468
591738052
603588047
623824198
636069535
662048323
689147808
712234100
730671115
756441739
776904301
792620738
806751398
823034285
844389525
854943650
868846335
889556151
911681106
947310066
961408502
975426015
985340199
994487214
1008637882
1029445810
1050301730
1056321518
1064829531
1077393784
1084420597
1097364178
1115170125
1127292416
1146079968
1155847751
1176212392
1197248316
1216275486
1237170890
1255454976
1279444284
1296090817
1305993005
1319849724
1342352135
1353524928
1375535283
1392808100
1407839569
1419299350
1434596872
1450785780
1472840234
1496122202
1510397106
1526667042
1541018321
1550050350
1568761845
1585288624
1601244365
1619095011
1645563884
1663042059
1672635849
1684117665
1712043213
1734309416
1761558589
1780652827
1795718138
1819592771
1831394426
1846410192
1859635584
1882308548
1909501233
1920848494
1937681946
1945596006
1962918975
1978728992
1991596290
2005354132
2021197906
2040903013
2063263451
2069937048
2090628389
2124225188
2141864372
