2530515
11837966
25490548
39134138
55431633
77307889
104574611
112234035
123984975
153492778
166422427
186064628
207882427
223961500
243646532
255806317
271213467
295497128
314816792
326180350
343874067
359335025
378479224
394471166
404822543
434922050
462411185
479122216
493753758
513405735
524753394
545033779
564863036
573596305
585668180
597664195
612551623
631024953
658170202
682407688
702009600
723676587
743361428
773567126
787893994
804444002
820461682
836282065
853357061
863169507
882208115
907015870
938364083
959677009
972011188
980414572
990179768
1003542336
1021819996
1044518372
1053770544
1062002424
1076109572
1080694309
1092322281
1113534569
1126452007
1138584134
1153068383
1168519426
1189656985
1209227632
1224626842
1250522660
1270071376
1284089366
1301452019
1312723061
1331862995
1347151499
1367859145
1386739896
1405554226
1413185429
1426810971
1446747339
1461260178
1486235059
1502608997
1523369127
1532105651
1545306569
1562878244
1579207759
1599068934
1606810259
1629808004
1653335909
1670445503
1677233686
1706820642
1721558165
1745108678
1774777225
1785631914
1812312174
1828163711
1844667787
1854278487
1872825046
1897795444
1918250050
1928333135
1942962811
1954164361
1969266225
1988539648
2000008076
2012478187
2033495350
2052575634
2067419362
2083494011
2108409020
2140927225
