1589371
2527947
2530515
2684125
2704029
3468142
5521358
7923960
9421863
11791344
11837966
11961457
15332070
20365933
20666293
20772491
22791941
24577019
25490548
26407067
28510988
29394016
30998681
31863189
33394953
36001919
39134138
43999691
44085303
46152523
47794640
48301656
51213129
51822627
55431633
56558750
58108362
63541042
65259409
66449875
71346262
74493709
77307889
78039233
80843786
82578275
84320987
94043888
96364528
102279838
104574611
105234131
105290679
106081126
106245702
107640478
110571895
111719538
112234035
112896507
112953244
114605881
114669855
116292242
119787912
121405986
123984975
129963012
130304827
130689514
133824799
137224113
140246070
149822769
153492778
156167617
156571513
157051273
161145024
161552403
164001958
164785683
166422427
166651423
174255558
174529659
176712803
178973695
179227834
182031983
186064628
195295841
198262943
198710176
200695914
206928626
207746303
207824845
207882427
208481455
211179053
211633960
212349113
213629769
215483609
218536939
223961500
224020109
224179274
227591570
228346312
237455159
237977933
242100432
243646532
244488030
244579335
245669593
247027353
248168242
