1864621736
1865060141
1872825046
1874616600
1880953668
1882308548
1884659231
1888124174
1889801844
1896972902
1897795444
1900334171
1906524593
1909501233
1909538327
1910277844
1911654606
1915355132
1918250050
1918325611
1918986478
1920848494
1923200841
1923716506
1924001671
1924080008
1928333135
1934606441
1935601319
1937681946
1939529006
1940251935
1941943788
1942131171
1942962811
1944037458
1944981006
1945596006
1946555584
1948579491
1949985298
1950419587
1954164361
1955411943
1958632470
1962918975
1967155822
1967383473
1968456369
1968747490
1969266225
1973698364
1974766388
1978728992
1979387390
1980437913
1980993103
1983689840
1988539648
1989558819
1990720536
1991596290
