1721558165
1725193956
1733405135
1734309416
1735916238
1736730354
1743029418
1744209587
1745108678
1748003280
1759018133
1761558589
1763835516
1765696770
1770350864
1772685646
1774777225
1776677497
1780309859
1780652827
1782401621
1782755185
1783239256
1784174829
1785631914
1790131202
1793089070
1795718138
1798821646
1801696520
1806315263
1809386608
1812312174
1812850897
1814443628
1819592771
1820231052
1820939474
1822952836
1827037592
1828163711
1830086930
1831191680
1831394426
1835672725
1837982454
1841940961
1843040388
1844667787
1844686588
1846265686
1846410192
1849445313
1849709954
1851325966
1853315236
1854278487
1857730104
1859444424
1859635584
1861318217
1862660560
