1451669670
1452820545
1458935426
1460655205
1461260178
1464192060
1472659776
1472840234
1474438632
1475372659
1485541304
1485774974
1486235059
1487697149
1491995028
1496122202
1496905748
1497002581
1497197835
1500394033
1502608997
1507392138
1508876976
1510397106
1510648998
1513979105
1518822010
1522240202
1523369127
1525387308
1526021611
1526667042
1527355832
1527962693
1528579654
1531323391
1532105651
1532466200
1535083658
1541018321
1541558050
1541752811
1543866758
1544218211
1545306569
1546945990
1547600695
1550050350
1550474352
1553677118
1557373264
1560283664
1562878244
1564760745
1568654086
1568761845
1573663230
1573911855
1577157385
1577992634
1579207759
1579911563
