1580749078
1585288624
1590469588
1591894075
1597477217
1598084331
1599068934
1599602802
1601229445
1601244365
1602300587
1603699095
1603852875
1604907440
1606810259
1609498403
1615534734
1619095011
1620593108
1624646389
1624931638
1628506399
1629808004
1631033643
1637698033
1645563884
1646936699
1648391834
1651095768
1651804318
1653335909
1653885178
1654741537
1663042059
1665005360
1665617441
1667856113
1670003808
1670445503
1671725465
1672180003
1672635849
1673687863
1674571474
1675526772
1677186078
1677233686
1682008880
1683864625
1684117665
1688663938
1690456494
1696252170
1698741370
1706820642
1708486063
1709964036
1712043213
1713333059
1714255828
1714293803
1714900559
