1076490134
1077393784
1078413127
1078506012
1078546661
1080434211
1080694309
1082166263
1082170693
1084420597
1086869697
1088307232
1091462566
1091514343
1092322281
1094140670
1096131152
1097364178
1099530277
1101289592
1109325984
1111593401
1113534569
1114308355
1115020116
1115170125
1115434211
1117077517
1122651069
1126323244
1126452007
1126481514
1126907374
1127292416
1129172228
1131912892
1132877687
1137444326
1138584134
1140057583
1142883444
1146079968
1146485122
1146578822
1147580519
1150669065
1153068383
1154322938
1154666303
1155847751
1156066107
1156635626
1165378227
1166193151
1168519426
1172065882
1174521385
1176212392
1180000097
1182337222
1182647074
1185398040
