1343495740
1344530761
1344564815
1346071502
1347151499
1349950299
1353116695
1353524928
1355972192
1356125848
1361621806
1365213930
1367859145
1369288684
1374868963
1375535283
1375660514
1382941652
1384638924
1385128067
1386739896
1388632395
1388681310
1392808100
1393319672
1395526966
1396501130
1400825693
1405554226
1405970485
1407831961
1407839569
1407882474
1409347334
1409731870
1411066117
1413185429
1416395867
1418267276
1419299350
1424694151
1425290674
1425470560
1426015880
1426810971
1427846289
1430243606
1434596872
1436518747
1438044967
1438522547
1442517611
1446747339
1449506962
1449925696
1450785780
1451669670
1452820545
1458935426
1460655205
1461260178
1464192060
1472659776
1472840234
1474438632
1475372659
1485541304
1485774974
1486235059
1487697149
1491995028
1496122202
1496905748
1497002581
1497197835
1500394033
1502608997
1507392138
1508876976
1510397106
1510648998
1513979105
1518822010
1522240202
1523369127
1525387308
1526021611
1526667042
1527355832
1527962693
1528579654
1531323391
1532105651
1532466200
1535083658
1541018321
1541558050
1541752811
1543866758
1544218211
1545306569
1546945990
1547600695
1550050350
1550474352
1553677118
1557373264
1560283664
1562878244
1564760745
1568654086
1568761845
1573663230
1573911855
1577157385
1577992634
1579207759
1579911563
1580749078
1585288624
1590469588
1591894075
1597477217
1598084331
1599068934
1599602802
1601229445
1601244365
1602300587
1603699095
