1589371
2527947
2530515
2684125
2704029
3468142
5521358
7923960
9421863
11791344
11837966
11961457
15332070
20365933
20666293
20772491
22791941
24577019
25490548
26407067
28510988
29394016
30998681
31863189
33394953
36001919
39134138
43999691
44085303
46152523
47794640
48301656
51213129
51822627
55431633
56558750
58108362
63541042
65259409
66449875
71346262
74493709
77307889
78039233
80843786
82578275
84320987
94043888
96364528
102279838
104574611
105234131
105290679
106081126
106245702
107640478
110571895
111719538
112234035
112896507
112953244
114605881
114669855
116292242
119787912
121405986
123984975
129963012
130304827
130689514
133824799
137224113
140246070
149822769
153492778
156167617
156571513
157051273
161145024
161552403
164001958
164785683
166422427
166651423
174255558
174529659
176712803
178973695
179227834
182031983
186064628
195295841
198262943
198710176
200695914
206928626
207746303
207824845
207882427
208481455
211179053
211633960
212349113
213629769
215483609
218536939
223961500
224020109
224179274
227591570
228346312
237455159
237977933
242100432
243646532
244488030
244579335
245669593
247027353
248168242
252426730
253976472
255806317
258798443
262383157
263967034
266064978
267865996
268416285
270212011
271213467
272752417
276129185
280994253
284050073
286469594
290144135
291481271
295497128
297167139
298942269
304187692
304305137
306982199
311994045
313460815
314816792
314863912
315410585
316995331
317969597
320999821
321492174
322729294
326180350
326301111
326817610
329948488
330231434
330744118
333410233
335769314
343874067
344606943
347753166
349696718
352662196
354162115
354922960
357147783
359335025
360429910
362578649
367822176
371187819
374447715
374542663
375251735
378479224
379180580
383202827
384060394
384457459
384759268
385467461
385530804
394471166
394833418
398187590
400509605
401397591
401421676
401975774
402439054
404822543
409128422
409482909
411214301
417771363
419175930
424724662
433492586
434922050
437173943
438291633
443120366
448061490
452699881
456161391
456720214
462411185
465241085
469957904
470070161
471831356
474595349
475908397
476138433
479122216
482959909
484600815
489047414
489401326
489668136
490976042
493678754
493753758
495268821
503326514
503687205
505579120
505757428
508154806
511271508
513405735
514211692
517166803
517576207
519017022
521081115
521086887
521257964
524753394
525599854
528610972
534889110
536028917
536809336
537088443
543888094
545033779
545670799
549617199
550592187
554654868
557579674
558194199
564022272
564863036
565569323
568313661
569691051
570705989
570996699
572002130
572472665
573596305
574990569
575706284
579336468
581901179
582731825
584242389
584355409
585668180
588856189
589839122
591738052
593050443
594899847
596495269
597576929
597664195
597683262
599407018
603588047
604356696
605758587
606977258
610352948
612551623
614406023
615774306
623824198
626468679
628006481
628069553
628347565
631024953
632567788
634416294
636069535
636116220
645823058
649842139
657986074
658170202
658386570
659013034
662048323
667210036
670903499
674816306
679965872
682407688
686520500
688268542
689147808
691749807
693225133
693893402
696964775
702009600
710863628
711604144
712234100
712613391
713755397
715567454
723371101
723676587
726306807
728999114
730671115
733494318
734592322
740324123
742848293
743361428
747235075
755297758
756441739
758365951
760010240
762188861
769706658
773567126
773635011
774602861
776904301
777697939
781571118
783328546
785648768
787893994
789963080
791889696
792620738
793285173
793715924
798083752
798472448
804444002
806234758
806337752
806751398
812761183
814042698
816422345
818392913
820461682
821350546
822973715
823034285
826238937
829921682
830781509
834408802
836282065
838488738
841886376
844389525
846242367
846647691
848938037
850092483
853357061
854244753
854579663
854943650
855679173
858010337
858757268
860945528
863169507
866821801
867794122
868846335
875053145
876299035
880034204
880965919
882208115
882255791
885950114
889556151
895237640
896920340
898155825
900242495
907015870
908917723
909243086
911681106
913476941
922854145
924420094
937904229
938364083
941386634
942310325
947310066
948329093
949601905
952457682
956257388
959677009
960655227
961029644
961408502
963190576
963207839
963926912
968503716
972011188
975217775
975352435
975426015
976872641
977902658
979178680
980346889
980414572
981603125
984964294
985340199
985497414
988078519
989720844
990052526
990179768
991126097
992061465
994487214
995256657
995893507
999700394
1000810244
1003542336
1004031388
1007517624
1008637882
1009195572
1013007047
1019996172
1021515676
1021819996
1023057527
1025183762
1029445810
1032955368
1035271655
1035421940
1044037877
1044518372
1046035060
1049545150
1050301730
1051110846
1052798484
1053303763
1053491400
1053770544
1054418618
1055693804
1056321518
1056870283
1058938463
1059422864
1059980553
1062002424
1063370765
1064247403
1064829531
1067915326
1068123878
1071625791
1071750641
1076109572
1076283350
1076490134
1077393784
1078413127
1078506012
1078546661
1080434211
1080694309
1082166263
1082170693
1084420597
1086869697
1088307232
1091462566
1091514343
1092322281
1094140670
1096131152
1097364178
1099530277
1101289592
1109325984
1111593401
1113534569
1114308355
1115020116
1115170125
1115434211
1117077517
1122651069
1126323244
1126452007
1126481514
1126907374
1127292416
1129172228
1131912892
1132877687
1137444326
1138584134
1140057583
1142883444
1146079968
1146485122
1146578822
1147580519
1150669065
1153068383
1154322938
1154666303
1155847751
1156066107
1156635626
1165378227
1166193151
1168519426
1172065882
1174521385
1176212392
1180000097
1182337222
1182647074
1185398040
1189656985
1189961213
1196254750
1197248316
1201125906
1201520119
1202172593
1204250044
1209227632
1211021166
1215990968
1216275486
1220580584
1223103005
1223841583
1224125569
1224626842
1235891984
1236788773
1237170890
1242432845
1245544970
1246397513
1247360483
1250522660
1251184041
1253351185
1255454976
1258003293
1260289665
1264489090
1266954856
1270071376
1274836878
1277165709
1279444284
1281300047
1281539027
1281598473
1282203475
1284089366
1292096431
1294574230
1296090817
1296091252
1296678227
1298193493
1299392854
1301452019
1301473796
1303695271
1305993005
1307779870
1310116083
1311201402
1312100992
1312723061
1313269224
1313390293
1319849724
1320657722
1323809478
1326745757
1331508381
1331862995
1340238959
1341198743
1342352135
1343495740
1344530761
1344564815
1346071502
1347151499
1349950299
1353116695
1353524928
1355972192
1356125848
1361621806
1365213930
1367859145
1369288684
1374868963
1375535283
1375660514
1382941652
1384638924
1385128067
1386739896
1388632395
1388681310
1392808100
1393319672
1395526966
1396501130
1400825693
1405554226
1405970485
1407831961
1407839569
1407882474
1409347334
1409731870
1411066117
1413185429
1416395867
1418267276
1419299350
1424694151
1425290674
1425470560
1426015880
1426810971
1427846289
1430243606
1434596872
1436518747
1438044967
1438522547
1442517611
1446747339
1449506962
1449925696
1450785780
1451669670
1452820545
1458935426
1460655205
1461260178
1464192060
1472659776
1472840234
1474438632
1475372659
1485541304
1485774974
1486235059
1487697149
1491995028
1496122202
1496905748
1497002581
1497197835
1500394033
1502608997
1507392138
1508876976
1510397106
1510648998
1513979105
1518822010
1522240202
1523369127
1525387308
1526021611
1526667042
1527355832
1527962693
1528579654
1531323391
1532105651
1532466200
1535083658
1541018321
1541558050
1541752811
1543866758
1544218211
1545306569
1546945990
1547600695
1550050350
1550474352
1553677118
1557373264
1560283664
1562878244
1564760745
1568654086
1568761845
1573663230
1573911855
1577157385
1577992634
1579207759
1579911563
1580749078
1585288624
1590469588
1591894075
1597477217
1598084331
1599068934
1599602802
1601229445
1601244365
1602300587
1603699095
1603852875
1604907440
1606810259
1609498403
1615534734
1619095011
1620593108
1624646389
1624931638
1628506399
1629808004
1631033643
1637698033
1645563884
1646936699
1648391834
1651095768
1651804318
1653335909
1653885178
1654741537
1663042059
1665005360
1665617441
1667856113
1670003808
1670445503
1671725465
1672180003
1672635849
1673687863
1674571474
1675526772
1677186078
1677233686
1682008880
1683864625
1684117665
1688663938
1690456494
1696252170
1698741370
1706820642
1708486063
1709964036
1712043213
1713333059
1714255828
1714293803
1714900559
1721558165
1725193956
1733405135
1734309416
1735916238
1736730354
1743029418
1744209587
1745108678
1748003280
1759018133
1761558589
1763835516
1765696770
1770350864
1772685646
1774777225
1776677497
1780309859
1780652827
1782401621
1782755185
1783239256
1784174829
1785631914
1790131202
1793089070
1795718138
1798821646
1801696520
1806315263
1809386608
1812312174
1812850897
1814443628
1819592771
1820231052
1820939474
1822952836
1827037592
1828163711
1830086930
1831191680
1831394426
1835672725
1837982454
1841940961
1843040388
1844667787
1844686588
1846265686
1846410192
1849445313
1849709954
1851325966
1853315236
1854278487
1857730104
1859444424
1859635584
1861318217
1862660560
1864621736
1865060141
1872825046
1874616600
1880953668
1882308548
1884659231
1888124174
1889801844
1896972902
1897795444
1900334171
1906524593
1909501233
1909538327
1910277844
1911654606
1915355132
1918250050
1918325611
1918986478
1920848494
1923200841
1923716506
1924001671
1924080008
1928333135
1934606441
1935601319
1937681946
1939529006
1940251935
1941943788
1942131171
1942962811
1944037458
1944981006
1945596006
1946555584
1948579491
1949985298
1950419587
1954164361
1955411943
1958632470
1962918975
1967155822
1967383473
1968456369
1968747490
1969266225
1973698364
1974766388
1978728992
1979387390
1980437913
1980993103
1983689840
1988539648
1989558819
1990720536
1991596290
1996616432
1998008853
1999240025
1999415674
2000008076
2000658955
2002258695
2005354132
2006164934
2007359464
2009364386
2012408240
2012478187
2012914649
2020358158
2021197906
2026637712
2027455185
2028953090
2030266242
2033495350
2034380530
2038884264
2040903013
2041641243
2047466907
2050162861
2052219246
2052575634
2053937780
2058732850
2063263451
2063505627
2064075356
2065258008
2065508615
2067419362
2068079998
2068334364
2069937048
2070337862
2074222084
2077299412
2082420758
2083494011
2085530814
2086410268
2090628389
2091317854
2098451129
2099715200
2105474781
2108409020
2108876349
2120704474
2124225188
2129116347
2131214686
2132570827
2140755395
2140927225
2141012495
2141442848
2141864372
2142117982
2142534215
