1326745757
1331508381
1331862995
1340238959
1341198743
1342352135
1343495740
1344530761
1344564815
1346071502
1347151499
1349950299
1353116695
1353524928
1355972192
1356125848
1361621806
1365213930
1367859145
1369288684
1374868963
1375535283
1375660514
1382941652
1384638924
1385128067
1386739896
1388632395
1388681310
1392808100
1393319672
1395526966
1396501130
1400825693
1405554226
1405970485
1407831961
1407839569
1407882474
1409347334
1409731870
1411066117
1413185429
1416395867
1418267276
1419299350
1424694151
1425290674
1425470560
1426015880
1426810971
1427846289
1430243606
1434596872
1436518747
1438044967
1438522547
1442517611
1446747339
1449506962
1449925696
1450785780
