1189656985
1189961213
1196254750
1197248316
1201125906
1201520119
1202172593
1204250044
1209227632
1211021166
1215990968
1216275486
1220580584
1223103005
1223841583
1224125569
1224626842
1235891984
1236788773
1237170890
1242432845
1245544970
1246397513
1247360483
1250522660
1251184041
1253351185
1255454976
1258003293
1260289665
1264489090
1266954856
1270071376
1274836878
1277165709
1279444284
1281300047
1281539027
1281598473
1282203475
1284089366
1292096431
1294574230
1296090817
1296091252
1296678227
1298193493
1299392854
1301452019
1301473796
1303695271
1305993005
1307779870
1310116083
1311201402
1312100992
1312723061
1313269224
1313390293
1319849724
1320657722
1323809478
