1996616432
1998008853
1999240025
1999415674
2000008076
2000658955
2002258695
2005354132
2006164934
2007359464
2009364386
2012408240
2012478187
2012914649
2020358158
2021197906
2026637712
2027455185
2028953090
2030266242
2033495350
2034380530
2038884264
2040903013
2041641243
2047466907
2050162861
2052219246
2052575634
2053937780
2058732850
2063263451
2063505627
2064075356
2065258008
2065508615
2067419362
2068079998
2068334364
2069937048
2070337862
2074222084
2077299412
2082420758
2083494011
2085530814
2086410268
2090628389
2091317854
2098451129
2099715200
2105474781
2108409020
2108876349
2120704474
2124225188
2129116347
2131214686
2132570827
2140755395
2140927225
2141012495
